max_ones 100 32 0.01 0.5
0 0.69 0.51 0.00
1 0.72 0.54 0.08
2 0.78 0.54 0.09
3 0.72 0.55 0.10
4 0.72 0.56 0.13
5 0.72 0.57 0.26
6 0.72 0.58 0.14
7 0.75 0.58 0.24
8 0.75 0.58 0.16
9 0.75 0.60 0.14
10 0.75 0.62 0.24
11 0.78 0.62 0.32
12 0.81 0.62 0.13
13 0.78 0.64 0.11
14 0.81 0.64 0.19
15 0.78 0.64 0.20
16 0.81 0.64 0.13
17 0.81 0.63 0.18
18 0.81 0.64 0.13
19 0.81 0.64 0.16
20 0.81 0.64 0.17
21 0.84 0.65 0.19
22 0.84 0.66 0.38
23 0.84 0.67 0.18
24 0.84 0.68 0.12
25 0.84 0.68 0.18
26 0.84 0.68 0.25
27 0.84 0.69 0.15
28 0.81 0.68 0.15
29 0.81 0.68 0.20
30 0.84 0.70 0.12
31 0.84 0.71 0.19
32 0.91 0.72 0.27
33 0.91 0.72 0.19
34 0.91 0.73 0.21
35 0.91 0.72 0.12
36 0.91 0.72 0.19
37 0.88 0.72 0.29
38 0.84 0.72 0.18
39 0.84 0.73 0.23
40 0.88 0.73 0.20
41 0.84 0.73 0.23
42 0.88 0.73 0.19
43 0.84 0.73 0.08
44 0.88 0.74 0.08
45 0.88 0.75 0.22
46 0.88 0.76 0.22
47 0.88 0.76 0.23
48 0.88 0.76 0.21
49 0.88 0.75 0.18
50 0.91 0.74 0.22
51 0.91 0.74 0.26
52 0.91 0.74 0.20
53 0.88 0.74 0.06
54 0.88 0.74 0.28
55 0.88 0.74 0.16
56 0.88 0.74 0.24
57 0.91 0.76 0.20
58 0.94 0.77 0.21
59 0.91 0.77 0.18
60 0.91 0.77 0.16
61 0.91 0.76 0.22
62 0.91 0.75 0.10
63 0.94 0.76 0.20
64 0.91 0.76 0.15
65 0.94 0.77 0.24
66 0.94 0.77 0.21
67 0.94 0.77 0.23
68 0.91 0.77 0.23
69 0.94 0.77 0.24
70 0.91 0.76 0.20
71 0.94 0.76 0.22
72 0.91 0.76 0.18
73 0.91 0.76 0.21
74 0.94 0.77 0.14
75 0.94 0.78 0.15
76 0.94 0.77 0.18
77 0.94 0.79 0.17
78 0.97 0.81 0.25
79 0.97 0.80 0.33
80 0.94 0.81 0.28
81 0.94 0.80 0.22
82 0.94 0.79 0.26
83 0.94 0.81 0.22
84 0.94 0.80 0.08
85 0.91 0.80 0.20
86 0.91 0.80 0.21
87 0.97 0.79 0.22
88 0.97 0.78 0.21
89 0.97 0.78 0.14
90 0.97 0.79 0.13
91 0.97 0.78 0.16
92 0.94 0.78 0.14
93 0.94 0.79 0.17
94 0.94 0.78 0.15
95 0.94 0.77 0.15
96 0.94 0.77 0.07
97 0.94 0.77 0.18
98 1.00 0.78 0.23
99 1.00 0.78 0.23
100 0.97 0.77 0.14
101 1.00 0.79 0.16
102 0.94 0.79 0.23
103 0.94 0.78 0.18
104 0.94 0.77 0.15
105 0.94 0.77 0.09
106 0.94 0.77 0.17
107 0.94 0.77 0.19
108 0.94 0.78 0.19
109 0.94 0.78 0.19
110 0.97 0.78 0.26
111 0.97 0.79 0.18
112 0.97 0.78 0.22
113 0.97 0.78 0.24
114 0.97 0.79 0.13
115 0.94 0.78 0.12
116 0.97 0.78 0.20
117 0.94 0.79 0.15
118 0.94 0.79 0.24
119 0.94 0.80 0.26
120 0.94 0.80 0.08
121 0.94 0.78 0.13
122 0.94 0.76 0.11
123 0.94 0.78 0.18
124 0.94 0.79 0.18
125 0.94 0.79 0.15
126 0.94 0.79 0.21
127 0.97 0.80 0.20
128 0.97 0.79 0.22
129 0.97 0.79 0.13
130 0.97 0.79 0.24
131 0.97 0.79 0.14
132 0.97 0.79 0.19
133 0.97 0.78 0.27
134 0.97 0.79 0.18
135 0.97 0.81 0.16
136 0.97 0.82 0.25
137 0.97 0.82 0.22
138 0.97 0.81 0.16
139 0.97 0.80 0.19
140 0.97 0.82 0.30
141 0.97 0.81 0.12
142 0.97 0.81 0.12
143 1.00 0.81 0.21
144 1.00 0.81 0.18
145 1.00 0.81 0.20
146 0.97 0.80 0.12
147 0.97 0.81 0.18
148 0.97 0.81 0.25
149 0.97 0.80 0.18
150 0.97 0.80 0.14
151 0.97 0.81 0.13
152 0.97 0.82 0.21
153 0.94 0.83 0.19
154 0.97 0.83 0.22
155 0.94 0.83 0.33
156 0.97 0.83 0.32
157 0.94 0.83 0.18
158 0.94 0.82 0.23
159 1.00 0.82 0.09
160 1.00 0.82 0.20
161 0.97 0.82 0.06
162 0.97 0.83 0.20
163 1.00 0.82 0.19
164 0.97 0.81 0.12
165 0.97 0.82 0.23
166 0.97 0.83 0.29
167 0.97 0.83 0.23
168 0.97 0.82 0.18
169 0.97 0.82 0.19
170 0.94 0.83 0.15
171 0.94 0.84 0.15
172 0.97 0.84 0.12
173 1.00 0.84 0.12
174 1.00 0.83 0.16
175 0.97 0.82 0.18
176 0.97 0.82 0.26
177 1.00 0.82 0.16
178 0.94 0.82 0.20
179 0.94 0.82 0.15
180 0.97 0.83 0.20
181 0.97 0.84 0.16
182 0.97 0.83 0.22
183 0.97 0.83 0.18
184 0.97 0.83 0.27
185 0.97 0.82 0.30
186 0.97 0.82 0.23
187 0.97 0.81 0.17
188 0.97 0.82 0.16
189 0.91 0.81 0.23
190 0.97 0.81 0.11
191 0.94 0.81 0.15
192 0.94 0.82 0.28
193 0.91 0.79 0.33
194 0.88 0.79 0.23
195 0.94 0.79 0.27
196 0.88 0.78 0.22
197 0.88 0.77 0.19
198 0.91 0.78 0.09
199 0.88 0.78 0.20
200 0.91 0.78 0.24
201 0.91 0.77 0.26
202 0.94 0.77 0.26
203 0.91 0.77 0.06
204 0.91 0.77 0.12
205 0.94 0.77 0.19
206 0.91 0.76 0.08
207 0.91 0.77 0.15
208 0.94 0.77 0.16
209 0.91 0.77 0.05
210 0.91 0.78 0.32
211 0.91 0.76 0.00
212 0.91 0.75 0.17
213 0.94 0.75 0.19
214 0.94 0.75 0.06
215 0.91 0.73 0.19
216 0.91 0.73 0.22
217 0.91 0.73 0.17
218 0.91 0.73 0.24
219 0.91 0.73 0.20
220 0.94 0.75 0.26
221 0.91 0.76 0.25
222 0.88 0.76 0.16
223 0.88 0.75 0.26
224 0.88 0.76 0.24
225 0.88 0.76 0.22
226 0.88 0.76 0.22
227 0.91 0.76 0.12
228 0.88 0.77 0.25
229 0.88 0.76 0.11
230 0.91 0.77 0.18
231 0.91 0.77 0.18
232 0.91 0.77 0.16
233 0.88 0.76 0.19
234 0.88 0.75 0.17
235 0.94 0.76 0.06
236 0.94 0.76 0.21
237 0.94 0.75 0.20
238 0.94 0.76 0.27
239 0.94 0.74 0.07
240 0.94 0.75 0.31
241 0.88 0.75 0.29
242 0.91 0.75 0.24
243 0.91 0.74 0.17
244 0.91 0.72 0.14
245 0.84 0.70 0.18
246 0.84 0.69 0.08
247 0.88 0.71 0.16
248 0.94 0.73 0.15
249 0.91 0.75 0.16
250 0.91 0.76 0.13
251 0.91 0.76 0.09
252 0.91 0.76 0.20
253 0.91 0.76 0.28
254 0.91 0.75 0.14
255 0.91 0.74 0.12
256 0.91 0.75 0.14
257 0.91 0.76 0.15
258 0.91 0.75 0.17
259 0.91 0.76 0.24
260 0.94 0.76 0.26
261 0.91 0.75 0.11
262 0.91 0.75 0.18
263 0.91 0.74 0.14
264 0.88 0.74 0.13
265 0.94 0.74 0.15
266 0.91 0.74 0.06
267 0.91 0.73 0.17
268 0.94 0.73 0.15
269 0.91 0.73 0.19
270 0.88 0.74 0.20
271 0.88 0.74 0.09
272 0.88 0.73 0.14
273 0.88 0.74 0.20
274 0.88 0.75 0.16
275 0.91 0.75 0.17
276 0.88 0.76 0.19
277 0.91 0.76 0.10
278 0.91 0.75 0.11
279 0.91 0.75 0.19
280 0.91 0.73 0.12
281 0.91 0.73 0.21
282 0.88 0.72 0.24
283 0.94 0.72 0.12
284 0.94 0.71 0.13
285 0.94 0.73 0.16
286 0.94 0.74 0.20
287 0.94 0.74 0.28
288 0.94 0.76 0.32
289 0.91 0.76 0.15
290 0.94 0.76 0.23
291 0.91 0.76 0.17
292 0.91 0.76 0.18
293 0.91 0.76 0.03
294 0.91 0.75 0.13
295 0.88 0.75 0.05
296 0.88 0.74 0.31
297 0.91 0.74 0.21
298 0.88 0.74 0.23
299 0.84 0.73 0.14
300 0.88 0.74 0.16
301 0.88 0.73 0.12
302 0.88 0.74 0.13
303 0.91 0.74 0.22
304 0.91 0.74 0.13
305 0.94 0.74 0.14
306 0.94 0.75 0.18
307 0.88 0.74 0.22
308 0.94 0.75 0.23
309 0.88 0.74 0.10
310 0.88 0.74 0.23
311 0.91 0.75 0.16
312 0.91 0.76 0.23
313 0.91 0.76 0.14
314 0.91 0.75 0.20
315 0.91 0.76 0.15
316 0.91 0.75 0.16
317 0.91 0.74 0.08
318 0.94 0.74 0.21
319 0.91 0.73 0.28
320 0.91 0.73 0.15
321 0.91 0.73 0.20
322 0.88 0.72 0.17
323 0.88 0.73 0.17
324 0.91 0.73 0.12
325 0.91 0.72 0.21
326 0.88 0.73 0.18
327 0.91 0.74 0.18
328 0.88 0.73 0.11
329 0.88 0.73 0.26
330 0.84 0.73 0.13
331 0.84 0.73 0.20
332 0.88 0.73 0.18
333 0.88 0.74 0.14
334 0.94 0.74 0.25
335 0.91 0.73 0.29
336 0.94 0.74 0.14
337 0.84 0.73 0.06
338 0.88 0.73 0.08
339 0.91 0.73 0.14
340 0.88 0.72 0.26
341 0.88 0.72 0.16
342 0.88 0.72 0.22
343 0.91 0.73 0.20
344 0.88 0.74 0.19
345 0.88 0.73 0.19
346 0.88 0.73 0.18
347 0.88 0.73 0.16
348 0.88 0.72 0.22
349 0.88 0.73 0.23
350 0.84 0.72 0.29
351 0.84 0.73 0.22
352 0.84 0.73 0.19
353 0.88 0.75 0.17
354 0.88 0.74 0.13
355 0.91 0.75 0.10
356 0.88 0.74 0.13
357 0.88 0.75 0.09
358 0.91 0.75 0.19
359 0.91 0.76 0.19
360 0.91 0.75 0.14
361 0.91 0.76 0.16
362 0.91 0.76 0.14
363 0.94 0.77 0.25
364 0.94 0.78 0.21
365 0.94 0.79 0.22
366 0.91 0.79 0.20
367 0.88 0.78 0.12
368 0.88 0.77 0.18
369 0.91 0.77 0.23
370 0.91 0.76 0.19
371 0.88 0.76 0.07
372 0.88 0.76 0.11
373 0.88 0.75 0.16
374 0.88 0.76 0.40
375 0.84 0.76 0.20
376 0.84 0.76 0.24
377 0.88 0.75 0.17
378 0.84 0.76 0.26
379 0.84 0.76 0.16
380 0.94 0.76 0.12
381 0.94 0.76 0.09
382 0.91 0.76 0.09
383 0.91 0.76 0.17
384 0.91 0.76 0.08
385 0.91 0.76 0.12
386 0.91 0.78 0.13
387 0.94 0.79 0.16
388 0.94 0.79 0.21
389 0.94 0.79 0.16
390 0.94 0.79 0.21
391 0.91 0.79 0.23
392 0.91 0.79 0.19
393 0.91 0.79 0.18
394 0.94 0.80 0.18
395 0.94 0.80 0.18
396 0.97 0.80 0.20
397 0.94 0.79 0.17
398 0.91 0.79 0.05
399 0.91 0.78 0.08
400 0.91 0.77 0.21
401 0.91 0.78 0.12
402 0.91 0.77 0.12
403 0.91 0.76 0.13
404 0.97 0.77 0.18
405 0.91 0.76 0.09
406 0.91 0.77 0.20
407 0.91 0.77 0.13
408 0.88 0.76 0.19
409 0.88 0.76 0.16
410 0.88 0.75 0.07
411 0.88 0.75 0.19
412 0.88 0.75 0.16
413 0.88 0.74 0.11
414 0.88 0.74 0.12
415 0.88 0.74 0.16
416 0.88 0.73 0.10
417 0.88 0.73 0.10
418 0.91 0.73 0.15
419 0.88 0.73 0.15
420 0.84 0.73 0.19
421 0.84 0.73 0.10
422 0.88 0.71 0.08
423 0.91 0.71 0.17
424 0.91 0.72 0.22
425 0.91 0.72 0.28
426 0.91 0.73 0.22
427 0.88 0.73 0.18
428 0.88 0.72 0.25
429 0.91 0.72 0.16
430 0.91 0.73 0.14
431 0.91 0.73 0.13
432 0.91 0.72 0.22
433 0.91 0.73 0.19
434 0.91 0.72 0.16
435 0.84 0.74 0.17
436 0.88 0.73 0.17
437 0.91 0.73 0.08
438 0.91 0.72 0.22
439 0.88 0.71 0.14
440 0.88 0.71 0.17
441 0.88 0.71 0.10
442 0.84 0.70 0.23
443 0.81 0.70 0.16
444 0.84 0.70 0.16
445 0.84 0.70 0.12
446 0.84 0.70 0.14
447 0.81 0.69 0.14
448 0.81 0.69 0.11
449 0.81 0.70 0.08
450 0.81 0.70 0.12
451 0.88 0.70 0.18
452 0.84 0.70 0.25
453 0.84 0.71 0.17
454 0.84 0.71 0.12
455 0.84 0.71 0.10
456 0.88 0.72 0.09
457 0.88 0.72 0.18
458 0.88 0.72 0.15
459 0.88 0.73 0.09
460 0.91 0.72 0.16
461 0.91 0.74 0.22
462 0.91 0.75 0.18
463 0.88 0.75 0.18
464 0.88 0.76 0.19
465 0.88 0.76 0.11
466 0.88 0.76 0.21
467 0.91 0.76 0.12
468 0.91 0.75 0.14
469 0.91 0.76 0.19
470 0.91 0.76 0.04
471 0.91 0.77 0.25
472 0.94 0.78 0.22
473 0.94 0.78 0.14
474 0.94 0.77 0.23
475 0.94 0.78 0.26
476 0.94 0.77 0.24
477 0.91 0.76 0.17
478 0.91 0.77 0.13
479 0.91 0.77 0.15
480 0.91 0.77 0.06
481 0.88 0.78 0.22
482 0.91 0.78 0.22
483 0.94 0.78 0.23
484 0.94 0.78 0.19
485 0.94 0.78 0.16
486 0.94 0.77 0.17
487 0.91 0.77 0.27
488 0.88 0.77 0.20
489 0.91 0.78 0.17
490 0.91 0.78 0.20
491 0.91 0.77 0.30
492 0.91 0.77 0.27
493 0.88 0.76 0.18
494 0.88 0.75 0.13
495 0.88 0.76 0.22
496 0.88 0.75 0.14
497 0.88 0.74 0.24
498 0.88 0.75 0.23
499 0.94 0.75 0.24
500 0.97 0.75 0.12
501 0.97 0.76 0.17
502 0.97 0.77 0.31
503 0.94 0.78 0.25
504 0.88 0.76 0.18
505 0.91 0.76 0.21
506 0.91 0.76 0.21
507 0.97 0.77 0.15
508 0.97 0.78 0.18
509 0.97 0.78 0.27
510 0.91 0.78 0.14
511 0.94 0.77 0.25
512 0.94 0.77 0.17
513 0.94 0.78 0.18
514 0.97 0.78 0.18
515 0.91 0.78 0.24
516 0.94 0.77 0.25
517 0.94 0.77 0.20
518 0.94 0.76 0.22
519 0.94 0.76 0.26
520 0.91 0.77 0.15
521 0.91 0.77 0.20
522 0.91 0.76 0.25
523 0.91 0.77 0.19
524 0.91 0.77 0.09
525 0.88 0.76 0.16
526 0.88 0.75 0.13
527 0.88 0.75 0.10
528 0.91 0.76 0.12
529 0.91 0.76 0.12
530 0.88 0.75 0.08
531 0.88 0.76 0.12
532 0.88 0.75 0.08
533 0.91 0.76 0.07
534 0.91 0.76 0.19
535 0.91 0.76 0.14
536 0.91 0.76 0.18
537 0.91 0.75 0.08
538 0.91 0.76 0.13
539 0.91 0.76 0.20
540 0.91 0.77 0.22
541 0.91 0.77 0.34
542 0.91 0.76 0.39
543 0.91 0.76 0.11
544 0.91 0.76 0.24
545 0.91 0.76 0.27
546 0.94 0.77 0.13
547 0.94 0.78 0.12
548 0.91 0.79 0.20
549 0.91 0.78 0.20
550 0.94 0.79 0.28
551 0.91 0.79 0.21
552 0.94 0.79 0.12
553 0.97 0.80 0.16
554 0.94 0.81 0.21
555 0.97 0.81 0.23
556 0.94 0.81 0.20
557 0.94 0.82 0.18
558 0.91 0.81 0.21
559 0.94 0.80 0.14
560 0.94 0.79 0.19
561 0.91 0.79 0.22
562 0.94 0.78 0.15
563 0.94 0.80 0.14
564 1.00 0.79 0.21
565 0.94 0.79 0.22
566 0.94 0.79 0.14
567 0.94 0.80 0.15
568 0.94 0.81 0.21
569 0.94 0.81 0.14
570 0.94 0.81 0.23
571 0.94 0.81 0.36
572 0.94 0.81 0.18
573 0.94 0.81 0.17
574 0.94 0.81 0.40
575 0.97 0.80 0.21
576 0.94 0.80 0.15
577 0.94 0.81 0.25
578 0.94 0.79 0.13
579 0.97 0.79 0.20
580 0.94 0.77 0.18
581 0.91 0.78 0.19
582 0.91 0.79 0.11
583 0.91 0.79 0.15
584 0.91 0.80 0.18
585 0.91 0.80 0.25
586 0.91 0.80 0.30
587 0.94 0.79 0.28
588 0.91 0.79 0.17
589 0.91 0.78 0.17
590 0.91 0.77 0.16
591 0.91 0.76 0.18
592 0.97 0.76 0.20
593 0.94 0.76 0.17
594 0.94 0.77 0.29
595 0.94 0.78 0.18
596 0.94 0.78 0.17
597 0.94 0.79 0.19
598 0.97 0.79 0.20
599 0.97 0.79 0.23
600 0.97 0.79 0.23
601 0.97 0.79 0.22
602 0.97 0.78 0.21
603 0.97 0.78 0.21
604 0.94 0.78 0.16
605 0.94 0.79 0.17
606 0.97 0.80 0.04
607 0.94 0.78 0.16
608 0.91 0.78 0.11
609 0.91 0.78 0.12
610 0.91 0.77 0.19
611 0.91 0.77 0.17
612 0.91 0.77 0.09
613 0.94 0.77 0.27
614 0.91 0.76 0.20
615 0.91 0.78 0.11
616 0.91 0.77 0.24
617 0.94 0.76 0.17
618 0.94 0.75 0.12
619 0.94 0.77 0.23
620 0.91 0.77 0.24
621 0.88 0.77 0.24
622 0.88 0.76 0.15
623 0.94 0.77 0.17
624 0.91 0.76 0.17
625 0.88 0.75 0.18
626 0.88 0.74 0.15
627 0.88 0.74 0.22
628 0.88 0.74 0.24
629 0.88 0.75 0.20
630 0.88 0.74 0.22
631 0.94 0.75 0.23
632 0.94 0.75 0.17
633 0.84 0.75 0.10
634 0.84 0.75 0.23
635 0.88 0.75 0.28
636 0.88 0.75 0.21
637 0.88 0.75 0.25
638 0.91 0.76 0.26
639 0.91 0.76 0.26
640 0.94 0.76 0.23
641 0.88 0.75 0.20
642 0.88 0.74 0.18
643 0.91 0.74 0.12
644 0.88 0.75 0.30
645 0.88 0.74 0.16
646 0.84 0.72 0.12
647 0.84 0.72 0.17
648 0.88 0.72 0.18
649 0.84 0.72 0.13
650 0.84 0.73 0.23
651 0.88 0.73 0.14
652 0.84 0.73 0.06
653 0.84 0.73 0.11
654 0.84 0.74 0.21
655 0.84 0.73 0.22
656 0.84 0.73 0.08
657 0.88 0.74 0.20
658 0.88 0.74 0.27
659 0.84 0.73 0.34
660 0.81 0.72 0.36
661 0.88 0.72 0.21
662 0.88 0.73 0.23
663 0.88 0.73 0.12
664 0.88 0.73 0.22
665 0.88 0.72 0.19
666 0.91 0.73 0.25
667 0.84 0.73 0.19
668 0.84 0.72 0.18
669 0.88 0.71 0.19
670 0.94 0.71 0.16
671 0.88 0.71 0.14
672 0.84 0.72 0.19
673 0.84 0.72 0.10
674 0.84 0.73 0.24
675 0.84 0.72 0.18
676 0.88 0.72 0.16
677 0.91 0.72 0.17
678 0.84 0.70 0.25
679 0.88 0.70 0.04
680 0.88 0.72 0.05
681 0.88 0.71 0.10
682 0.88 0.72 0.09
683 0.88 0.71 0.15
684 0.91 0.71 0.16
685 0.91 0.71 0.14
686 0.91 0.72 0.13
687 0.88 0.71 0.19
688 0.84 0.71 0.17
689 0.88 0.71 0.21
690 0.88 0.72 0.21
691 0.88 0.72 0.11
692 0.84 0.71 0.11
693 0.81 0.72 0.29
694 0.81 0.72 0.23
695 0.88 0.72 0.13
696 0.81 0.72 0.10
697 0.84 0.73 0.14
698 0.88 0.72 0.12
699 0.88 0.72 0.23
700 0.88 0.72 0.19
701 0.88 0.74 0.13
702 0.91 0.74 0.17
703 0.91 0.75 0.11
704 0.91 0.75 0.17
705 0.91 0.75 0.16
706 0.91 0.76 0.17
707 0.91 0.77 0.14
708 0.91 0.77 0.17
709 0.94 0.76 0.20
710 0.91 0.76 0.17
711 0.91 0.75 0.14
712 0.94 0.76 0.18
713 0.94 0.75 0.16
714 0.94 0.74 0.08
715 0.94 0.76 0.14
716 0.94 0.76 0.08
717 0.94 0.75 0.12
718 0.94 0.75 0.18
719 0.94 0.75 0.18
720 0.91 0.75 0.22
721 0.91 0.75 0.19
722 0.91 0.75 0.23
723 0.91 0.76 0.17
724 0.91 0.78 0.16
725 0.91 0.78 0.09
726 0.91 0.79 0.14
727 0.91 0.79 0.15
728 0.91 0.79 0.21
729 0.91 0.78 0.19
730 0.91 0.79 0.34
731 0.91 0.79 0.13
732 0.91 0.79 0.10
733 0.91 0.78 0.13
734 0.94 0.78 0.10
735 0.91 0.77 0.14
736 0.88 0.77 0.08
737 0.88 0.77 0.18
738 0.88 0.78 0.21
739 0.94 0.77 0.17
740 0.91 0.78 0.10
741 0.91 0.77 0.26
742 0.91 0.78 0.27
743 0.91 0.77 0.20
744 0.88 0.76 0.25
745 0.91 0.77 0.26
746 0.88 0.77 0.19
747 0.88 0.77 0.19
748 0.91 0.77 0.17
749 0.94 0.77 0.16
750 0.91 0.78 0.27
751 0.88 0.77 0.14
752 0.88 0.77 0.14
753 0.91 0.76 0.15
754 0.91 0.76 0.10
755 0.91 0.75 0.16
756 0.91 0.76 0.16
757 0.91 0.76 0.28
758 0.91 0.77 0.21
759 0.91 0.77 0.23
760 0.91 0.76 0.17
761 0.91 0.76 0.25
762 0.91 0.77 0.15
763 0.88 0.77 0.17
764 0.91 0.76 0.22
765 0.91 0.75 0.30
766 0.91 0.75 0.24
767 0.91 0.76 0.24
768 0.91 0.75 0.23
769 0.94 0.76 0.18
770 0.91 0.77 0.22
771 0.91 0.78 0.22
772 0.91 0.78 0.20
773 0.94 0.79 0.14
774 0.91 0.78 0.13
775 0.91 0.77 0.19
776 0.91 0.78 0.15
777 0.94 0.79 0.23
778 0.91 0.78 0.18
779 0.88 0.79 0.24
780 0.88 0.78 0.12
781 0.94 0.77 0.22
782 0.91 0.77 0.14
783 0.94 0.77 0.11
784 0.91 0.76 0.22
785 0.91 0.78 0.22
786 0.91 0.79 0.17
787 0.91 0.78 0.19
788 0.91 0.78 0.15
789 0.94 0.79 0.24
790 0.94 0.78 0.10
791 0.94 0.79 0.14
792 0.97 0.79 0.20
793 0.97 0.80 0.31
794 0.94 0.81 0.23
795 0.94 0.82 0.25
796 0.94 0.80 0.16
797 0.94 0.80 0.16
798 0.94 0.79 0.16
799 0.91 0.79 0.10
800 0.91 0.79 0.19
801 0.88 0.79 0.24
802 0.88 0.78 0.16
803 0.94 0.79 0.16
804 0.94 0.78 0.17
805 0.94 0.79 0.14
806 0.91 0.78 0.15
807 0.91 0.78 0.18
808 0.91 0.77 0.26
809 0.88 0.76 0.29
810 0.91 0.76 0.16
811 0.91 0.75 0.12
812 0.91 0.75 0.13
813 0.91 0.76 0.16
814 0.94 0.76 0.19
815 0.97 0.76 0.10
816 0.91 0.76 0.15
817 0.91 0.77 0.19
818 0.91 0.77 0.12
819 0.91 0.77 0.19
820 0.91 0.78 0.21
821 0.91 0.78 0.19
822 0.91 0.80 0.30
823 0.91 0.80 0.25
824 0.94 0.80 0.30
825 0.94 0.80 0.15
826 0.94 0.80 0.10
827 0.94 0.80 0.17
828 0.94 0.80 0.11
829 0.94 0.80 0.17
830 0.97 0.81 0.23
831 0.94 0.82 0.12
832 0.97 0.82 0.19
833 0.94 0.82 0.17
834 0.94 0.82 0.23
835 0.94 0.81 0.17
836 0.97 0.81 0.17
837 0.97 0.82 0.31
838 0.97 0.81 0.15
839 0.97 0.81 0.30
840 0.97 0.81 0.33
841 0.94 0.81 0.26
842 0.94 0.81 0.21
843 0.94 0.80 0.20
844 0.94 0.80 0.24
845 0.94 0.81 0.29
846 0.94 0.80 0.22
847 0.94 0.79 0.34
848 0.94 0.78 0.22
849 0.94 0.77 0.15
850 0.91 0.77 0.12
851 0.91 0.77 0.17
852 0.88 0.78 0.21
853 0.91 0.80 0.17
854 0.91 0.79 0.19
855 0.91 0.79 0.23
856 0.94 0.80 0.18
857 0.94 0.80 0.27
858 0.94 0.80 0.31
859 0.94 0.79 0.20
860 0.94 0.80 0.17
861 0.91 0.80 0.17
862 0.91 0.81 0.24
863 0.94 0.80 0.23
864 0.91 0.80 0.17
865 0.91 0.79 0.17
866 0.94 0.81 0.29
867 0.94 0.81 0.32
868 0.94 0.80 0.14
869 0.94 0.80 0.21
870 0.94 0.80 0.27
871 0.91 0.80 0.25
872 0.91 0.80 0.21
873 0.91 0.79 0.17
874 0.91 0.80 0.17
875 0.91 0.80 0.32
876 0.91 0.80 0.20
877 0.91 0.79 0.26
878 0.91 0.80 0.18
879 0.91 0.79 0.21
880 0.91 0.79 0.24
881 0.91 0.77 0.10
882 0.88 0.77 0.21
883 0.88 0.76 0.21
884 0.88 0.76 0.17
885 0.88 0.75 0.24
886 0.88 0.75 0.12
887 0.91 0.75 0.10
888 0.91 0.76 0.19
889 0.91 0.77 0.18
890 0.91 0.75 0.26
891 0.94 0.75 0.16
892 0.94 0.75 0.13
893 0.94 0.74 0.18
894 0.94 0.75 0.16
895 0.94 0.75 0.14
896 0.91 0.76 0.18
897 0.91 0.76 0.24
898 0.91 0.75 0.33
899 0.91 0.75 0.26
900 0.91 0.75 0.26
901 0.91 0.75 0.10
902 0.91 0.75 0.10
903 0.91 0.73 0.09
904 0.91 0.73 0.18
905 0.91 0.73 0.16
906 0.91 0.72 0.15
907 0.91 0.72 0.23
908 0.91 0.74 0.19
909 0.88 0.73 0.20
910 0.91 0.72 0.16
911 0.88 0.72 0.12
912 0.88 0.73 0.16
913 0.88 0.74 0.20
914 0.91 0.75 0.17
915 0.91 0.74 0.14
916 0.91 0.74 0.08
917 0.91 0.75 0.12
918 0.88 0.75 0.17
919 0.88 0.75 0.20
920 0.84 0.74 0.28
921 0.88 0.74 0.19
922 0.84 0.73 0.13
923 0.88 0.74 0.24
924 0.88 0.74 0.14
925 0.88 0.75 0.12
926 0.94 0.74 0.14
927 0.94 0.74 0.18
928 0.94 0.74 0.14
929 0.91 0.75 0.24
930 0.88 0.75 0.27
931 0.97 0.76 0.22
932 0.94 0.76 0.07
933 0.94 0.77 0.15
934 0.94 0.77 0.20
935 0.94 0.78 0.12
936 0.94 0.77 0.08
937 0.94 0.78 0.22
938 0.94 0.78 0.16
939 0.94 0.76 0.23
940 0.94 0.78 0.15
941 0.94 0.77 0.20
942 0.97 0.77 0.15
943 0.91 0.76 0.23
944 0.94 0.77 0.14
945 0.91 0.78 0.14
946 0.91 0.78 0.11
947 0.91 0.77 0.10
948 0.91 0.76 0.22
949 0.91 0.76 0.10
950 0.94 0.75 0.17
951 0.97 0.76 0.19
952 0.97 0.75 0.17
953 0.97 0.75 0.21
954 0.97 0.74 0.29
955 0.97 0.74 0.19
956 0.94 0.74 0.08
957 0.94 0.76 0.21
958 0.94 0.75 0.18
959 0.94 0.75 0.22
960 0.91 0.75 0.21
961 0.94 0.76 0.29
962 0.94 0.76 0.26
963 0.97 0.76 0.24
964 0.94 0.77 0.10
965 0.91 0.76 0.21
966 0.91 0.78 0.13
967 0.88 0.77 0.23
968 0.88 0.77 0.16
969 0.88 0.77 0.14
970 0.91 0.78 0.21
971 0.94 0.79 0.29
972 0.91 0.79 0.23
973 0.91 0.79 0.20
974 0.94 0.79 0.16
975 0.94 0.79 0.15
976 0.94 0.79 0.17
977 0.94 0.80 0.18
978 0.94 0.79 0.15
979 0.97 0.81 0.22
980 0.97 0.81 0.19
981 0.97 0.81 0.19
982 0.94 0.80 0.23
983 0.97 0.80 0.22
984 0.94 0.80 0.29
985 0.94 0.80 0.22
986 0.94 0.81 0.24
987 0.94 0.80 0.25
988 0.94 0.80 0.12
989 0.94 0.79 0.13
990 0.94 0.81 0.22
991 0.94 0.81 0.24
992 0.94 0.80 0.21
993 0.94 0.80 0.10
994 0.94 0.80 0.12
995 0.94 0.79 0.17
996 0.94 0.77 0.17
997 0.91 0.78 0.14
998 0.91 0.79 0.17
999 0.91 0.79 0.36
1000 0.94 0.79 0.26
1001 0.94 0.80 0.23
1002 0.94 0.80 0.16
1003 0.94 0.80 0.27
1004 0.94 0.79 0.16
1005 0.94 0.80 0.20
1006 0.97 0.79 0.16
1007 0.97 0.79 0.21
1008 0.97 0.78 0.21
1009 0.97 0.78 0.14
1010 0.97 0.77 0.13
1011 0.94 0.78 0.22
1012 0.94 0.79 0.16
1013 0.94 0.80 0.27
1014 0.97 0.79 0.18
1015 0.94 0.79 0.12
1016 0.91 0.78 0.19
1017 0.91 0.77 0.24
1018 0.91 0.77 0.22
1019 0.94 0.77 0.15
1020 0.91 0.76 0.31
1021 0.94 0.76 0.16
1022 0.94 0.76 0.25
1023 0.94 0.78 0.31
1024 0.94 0.79 0.25
1025 0.94 0.80 0.13
1026 0.97 0.80 0.18
1027 0.97 0.79 0.24
1028 0.94 0.78 0.25
1029 0.94 0.78 0.11
1030 0.94 0.78 0.19
1031 0.94 0.78 0.08
1032 0.94 0.78 0.21
1033 0.94 0.79 0.21
1034 0.94 0.80 0.11
1035 1.00 0.81 0.22
1036 0.97 0.82 0.20
1037 0.97 0.82 0.26
1038 0.94 0.81 0.25
1039 0.94 0.80 0.20
1040 0.94 0.81 0.15
1041 0.97 0.80 0.16
1042 0.97 0.80 0.21
1043 0.94 0.79 0.21
1044 0.91 0.79 0.25
1045 0.91 0.79 0.29
1046 0.94 0.79 0.22
1047 0.91 0.79 0.19
1048 0.94 0.78 0.12
1049 0.94 0.79 0.20
1050 0.94 0.78 0.20
1051 0.91 0.79 0.22
1052 0.94 0.80 0.22
1053 0.91 0.79 0.28
1054 0.91 0.79 0.19
1055 0.91 0.78 0.21
1056 0.97 0.79 0.24
1057 0.91 0.79 0.26
1058 0.91 0.77 0.18
1059 0.97 0.77 0.16
1060 0.97 0.78 0.13
1061 0.88 0.78 0.21
1062 0.88 0.78 0.12
1063 0.94 0.78 0.17
1064 0.94 0.79 0.15
1065 0.91 0.79 0.18
1066 0.91 0.79 0.26
1067 0.94 0.80 0.16
1068 0.94 0.79 0.20
1069 0.94 0.79 0.25
1070 0.94 0.79 0.17
1071 0.94 0.77 0.20
1072 0.94 0.78 0.22
1073 0.94 0.78 0.14
1074 0.94 0.77 0.15
1075 0.94 0.77 0.22
1076 0.88 0.77 0.14
1077 0.91 0.77 0.18
1078 0.91 0.76 0.13
1079 0.91 0.77 0.20
1080 0.88 0.78 0.20
1081 0.91 0.77 0.24
1082 0.88 0.77 0.17
1083 0.94 0.77 0.15
1084 0.94 0.77 0.12
1085 0.94 0.77 0.09
1086 0.97 0.78 0.11
1087 0.91 0.77 0.04
1088 0.94 0.77 0.14
1089 0.94 0.78 0.22
1090 0.94 0.77 0.21
1091 0.91 0.76 0.23
1092 0.94 0.77 0.16
1093 0.94 0.76 0.15
1094 0.94 0.76 0.10
1095 0.94 0.77 0.27
1096 0.94 0.77 0.19
1097 0.94 0.77 0.16
1098 0.94 0.76 0.14
1099 0.94 0.76 0.12
1100 0.91 0.76 0.17
1101 0.91 0.76 0.18
1102 0.94 0.77 0.22
1103 0.91 0.77 0.16
1104 0.91 0.78 0.22
1105 0.91 0.77 0.08
1106 0.91 0.78 0.12
1107 0.94 0.81 0.20
1108 0.94 0.81 0.34
1109 0.97 0.81 0.12
1110 0.94 0.80 0.16
1111 0.94 0.79 0.20
1112 0.91 0.78 0.19
1113 0.91 0.78 0.22
1114 0.91 0.78 0.18
1115 0.94 0.77 0.04
1116 0.91 0.77 0.12
1117 0.91 0.77 0.18
1118 0.91 0.78 0.18
1119 0.91 0.76 0.13
1120 0.91 0.77 0.20
1121 0.88 0.78 0.12
1122 0.91 0.78 0.19
1123 0.88 0.78 0.11
1124 0.91 0.77 0.24
1125 0.88 0.77 0.18
1126 0.84 0.76 0.15
1127 0.84 0.75 0.11
1128 0.91 0.76 0.22
1129 0.91 0.75 0.28
1130 0.91 0.76 0.12
1131 0.91 0.76 0.21
1132 0.91 0.77 0.22
1133 0.91 0.77 0.09
1134 0.88 0.76 0.12
1135 0.88 0.76 0.15
1136 0.88 0.76 0.12
1137 0.88 0.75 0.11
1138 0.88 0.76 0.18
1139 0.88 0.76 0.19
1140 0.91 0.77 0.18
1141 0.91 0.76 0.21
1142 0.91 0.75 0.22
1143 0.88 0.75 0.18
1144 0.91 0.77 0.18
1145 0.91 0.76 0.12
1146 0.91 0.78 0.23
1147 0.97 0.77 0.15
1148 0.97 0.76 0.15
1149 0.94 0.76 0.08
1150 0.94 0.75 0.18
1151 0.94 0.76 0.14
1152 0.94 0.75 0.27
1153 0.97 0.76 0.08
1154 0.97 0.75 0.08
1155 0.94 0.74 0.26
1156 0.91 0.74 0.20
1157 0.91 0.74 0.06
1158 0.91 0.73 0.22
1159 0.88 0.74 0.12
1160 0.94 0.75 0.21
1161 0.94 0.75 0.17
1162 0.91 0.76 0.27
1163 0.88 0.77 0.24
1164 0.91 0.76 0.15
1165 0.91 0.76 0.16
1166 0.91 0.77 0.22
1167 0.88 0.76 0.17
1168 0.91 0.75 0.18
1169 0.91 0.76 0.20
1170 0.88 0.77 0.08
1171 0.91 0.78 0.16
1172 0.91 0.79 0.19
1173 0.91 0.79 0.19
1174 0.91 0.79 0.22
1175 0.94 0.79 0.12
1176 0.94 0.79 0.17
1177 0.94 0.80 0.14
1178 0.91 0.80 0.17
1179 0.91 0.79 0.22
1180 0.91 0.79 0.15
1181 0.94 0.80 0.18
1182 0.94 0.79 0.09
1183 0.91 0.79 0.16
1184 0.91 0.78 0.27
1185 0.94 0.79 0.11
1186 0.91 0.78 0.14
1187 0.94 0.78 0.20
1188 0.88 0.77 0.23
1189 0.91 0.78 0.20
1190 0.91 0.78 0.19
1191 0.91 0.77 0.16
1192 0.94 0.78 0.16
1193 0.91 0.77 0.14
1194 0.91 0.78 0.15
1195 0.91 0.77 0.11
1196 0.91 0.77 0.25
1197 0.91 0.78 0.11
1198 0.94 0.78 0.20
1199 0.91 0.78 0.31
1200 0.91 0.77 0.18
1201 0.94 0.77 0.22
1202 0.91 0.76 0.28
1203 0.91 0.76 0.21
1204 0.91 0.77 0.18
1205 0.91 0.75 0.15
1206 0.91 0.76 0.24
1207 0.91 0.77 0.15
1208 0.94 0.76 0.12
1209 0.91 0.75 0.18
1210 0.91 0.76 0.19
1211 0.88 0.76 0.23
1212 0.91 0.76 0.16
1213 0.91 0.76 0.19
1214 0.91 0.77 0.33
1215 0.91 0.78 0.17
1216 0.94 0.78 0.11
1217 0.91 0.78 0.14
1218 0.94 0.78 0.22
1219 0.94 0.78 0.32
1220 0.94 0.78 0.28
1221 0.91 0.78 0.18
1222 0.91 0.78 0.21
1223 0.94 0.79 0.22
1224 1.00 0.78 0.21
1225 0.97 0.78 0.30
1226 0.94 0.78 0.21
1227 0.97 0.77 0.21
1228 0.91 0.77 0.30
1229 0.91 0.77 0.31
1230 0.88 0.76 0.18
1231 0.91 0.75 0.16
1232 0.91 0.75 0.37
1233 0.91 0.75 0.20
1234 0.91 0.75 0.24
1235 0.88 0.74 0.09
1236 0.88 0.74 0.17
1237 0.88 0.75 0.10
1238 0.88 0.75 0.20
1239 0.88 0.74 0.13
1240 0.88 0.74 0.22
1241 0.88 0.73 0.15
1242 0.84 0.73 0.12
1243 0.88 0.72 0.12
1244 0.88 0.71 0.19
1245 0.88 0.72 0.26
1246 0.88 0.73 0.22
1247 0.91 0.74 0.28
1248 0.91 0.75 0.31
1249 0.88 0.75 0.17
1250 0.84 0.75 0.18
1251 0.84 0.75 0.14
1252 0.91 0.75 0.21
1253 0.91 0.76 0.18
1254 0.91 0.75 0.09
1255 0.91 0.75 0.17
1256 0.91 0.76 0.24
1257 0.91 0.75 0.22
1258 0.91 0.76 0.17
1259 0.91 0.76 0.18
1260 0.91 0.75 0.21
1261 0.91 0.74 0.18
1262 0.91 0.75 0.14
1263 0.91 0.75 0.19
1264 0.91 0.76 0.20
1265 0.91 0.75 0.18
1266 0.91 0.75 0.26
1267 0.91 0.75 0.24
1268 0.91 0.77 0.13
1269 0.91 0.76 0.21
1270 0.91 0.77 0.18
1271 0.91 0.76 0.16
1272 0.91 0.75 0.10
1273 0.91 0.76 0.25
1274 0.88 0.76 0.22
1275 0.88 0.77 0.12
1276 0.91 0.76 0.25
1277 0.91 0.76 0.20
1278 0.97 0.76 0.16
1279 0.97 0.77 0.25
1280 0.97 0.76 0.22
1281 0.97 0.76 0.34
1282 0.94 0.77 0.10
1283 0.88 0.77 0.12
1284 0.91 0.77 0.16
1285 0.91 0.77 0.25
1286 0.91 0.76 0.17
1287 0.94 0.76 0.17
1288 0.94 0.77 0.19
1289 0.94 0.77 0.19
1290 0.94 0.76 0.25
1291 0.91 0.77 0.21
1292 0.94 0.77 0.13
1293 0.94 0.78 0.14
1294 0.94 0.77 0.14
1295 0.91 0.76 0.18
1296 0.91 0.75 0.21
1297 0.91 0.75 0.15
1298 0.91 0.74 0.16
1299 0.88 0.74 0.28
1300 0.88 0.75 0.20
1301 0.91 0.75 0.28
1302 0.91 0.74 0.12
1303 0.91 0.74 0.04
1304 0.91 0.73 0.17
1305 0.91 0.74 0.13
1306 0.88 0.74 0.16
1307 0.91 0.74 0.27
1308 0.91 0.74 0.25
1309 0.91 0.74 0.16
1310 0.88 0.74 0.21
1311 0.88 0.74 0.09
1312 0.91 0.73 0.21
1313 0.91 0.74 0.23
1314 0.88 0.73 0.13
1315 0.91 0.74 0.15
1316 0.94 0.75 0.14
1317 0.84 0.74 0.26
1318 0.84 0.74 0.23
1319 0.84 0.74 0.18
1320 0.91 0.74 0.25
1321 0.91 0.73 0.14
1322 0.91 0.75 0.18
1323 0.91 0.75 0.27
1324 0.91 0.76 0.21
1325 0.88 0.76 0.30
1326 0.91 0.76 0.23
1327 0.88 0.77 0.17
1328 0.88 0.77 0.26
1329 0.91 0.78 0.18
1330 0.91 0.76 0.08
1331 0.88 0.76 0.12
1332 0.88 0.75 0.17
1333 0.94 0.75 0.16
1334 0.91 0.75 0.10
1335 0.88 0.76 0.16
1336 0.88 0.75 0.14
1337 0.91 0.74 0.15
1338 0.88 0.74 0.08
1339 0.91 0.75 0.07
1340 0.94 0.74 0.14
1341 0.94 0.74 0.18
1342 0.94 0.74 0.19
1343 0.88 0.73 0.19
1344 0.84 0.73 0.18
1345 0.84 0.73 0.30
1346 0.88 0.73 0.22
1347 0.88 0.73 0.13
1348 0.84 0.74 0.13
1349 0.84 0.74 0.23
1350 0.88 0.74 0.19
1351 0.88 0.74 0.18
1352 0.88 0.74 0.18
1353 0.88 0.74 0.18
1354 0.84 0.74 0.25
1355 0.88 0.73 0.20
1356 0.88 0.74 0.16
1357 0.88 0.74 0.16
1358 0.88 0.75 0.18
1359 0.91 0.75 0.11
1360 0.91 0.76 0.14
1361 0.91 0.75 0.26
1362 0.91 0.76 0.26
1363 0.91 0.76 0.22
1364 0.91 0.76 0.16
1365 0.91 0.75 0.24
1366 0.88 0.74 0.18
1367 0.88 0.74 0.24
1368 0.88 0.75 0.24
1369 0.88 0.75 0.25
1370 0.88 0.75 0.22
1371 0.84 0.75 0.19
1372 0.84 0.74 0.26
1373 0.88 0.74 0.09
1374 0.88 0.74 0.07
1375 0.88 0.74 0.22
1376 0.88 0.74 0.16
1377 0.88 0.75 0.26
1378 0.94 0.74 0.18
1379 0.88 0.75 0.22
1380 0.88 0.75 0.17
1381 0.91 0.76 0.08
1382 0.84 0.75 0.26
1383 0.91 0.74 0.11
1384 0.91 0.75 0.07
1385 0.91 0.74 0.11
1386 0.88 0.73 0.06
1387 0.91 0.72 0.23
1388 0.84 0.72 0.18
1389 0.84 0.73 0.09
1390 0.88 0.73 0.13
1391 0.88 0.74 0.15
1392 0.91 0.75 0.25
1393 0.91 0.76 0.30
1394 0.91 0.76 0.10
1395 0.91 0.77 0.21
1396 0.91 0.77 0.19
1397 0.91 0.76 0.14
1398 0.91 0.77 0.29
1399 0.91 0.78 0.32
1400 0.91 0.78 0.34
1401 0.91 0.78 0.18
1402 0.91 0.78 0.18
1403 0.91 0.77 0.13
1404 0.91 0.77 0.18
1405 0.91 0.77 0.12
1406 0.91 0.77 0.11
1407 0.91 0.76 0.21
1408 0.91 0.77 0.23
1409 0.91 0.77 0.31
1410 0.91 0.78 0.19
1411 0.91 0.77 0.22
1412 0.88 0.76 0.22
1413 0.88 0.77 0.19
1414 0.88 0.77 0.18
1415 0.91 0.76 0.23
1416 0.91 0.77 0.09
1417 0.91 0.76 0.16
1418 0.91 0.74 0.19
1419 0.91 0.75 0.24
1420 0.91 0.75 0.23
1421 0.91 0.75 0.21
1422 0.88 0.76 0.09
1423 0.91 0.77 0.06
1424 0.88 0.76 0.12
1425 0.94 0.77 0.12
1426 0.91 0.77 0.21
1427 0.91 0.78 0.15
1428 0.94 0.78 0.15
1429 0.91 0.77 0.18
1430 0.91 0.76 0.21
1431 0.91 0.76 0.15
1432 0.91 0.76 0.13
1433 0.91 0.76 0.12
1434 0.94 0.75 0.16
1435 0.88 0.75 0.18
1436 0.88 0.74 0.19
1437 0.88 0.76 0.15
1438 0.88 0.76 0.11
1439 0.88 0.75 0.16
1440 0.88 0.76 0.21
1441 0.91 0.76 0.20
1442 0.88 0.76 0.08
1443 0.94 0.76 0.12
1444 0.94 0.75 0.04
1445 0.91 0.76 0.18
1446 0.88 0.75 0.21
1447 0.88 0.75 0.15
1448 0.91 0.76 0.20
1449 0.91 0.76 0.16
1450 0.91 0.76 0.18
1451 0.91 0.76 0.11
1452 0.91 0.76 0.12
1453 0.91 0.76 0.26
1454 0.91 0.76 0.10
1455 0.91 0.76 0.11
1456 0.88 0.76 0.02
1457 0.88 0.75 0.14
1458 0.88 0.74 0.25
1459 0.88 0.73 0.16
1460 0.88 0.72 0.11
1461 0.88 0.73 0.33
1462 0.88 0.73 0.20
1463 0.88 0.73 0.14
1464 0.91 0.73 0.15
1465 0.88 0.72 0.14
1466 0.88 0.73 0.12
1467 0.88 0.73 0.13
1468 0.91 0.73 0.23
1469 0.88 0.74 0.15
1470 0.88 0.74 0.12
1471 0.88 0.74 0.25
1472 0.84 0.74 0.24
1473 0.84 0.74 0.28
1474 0.88 0.74 0.28
1475 0.88 0.74 0.12
1476 0.91 0.74 0.25
1477 0.91 0.75 0.26
1478 0.91 0.75 0.16
1479 0.94 0.77 0.17
1480 0.94 0.78 0.19
1481 0.94 0.77 0.17
1482 0.97 0.77 0.30
1483 0.97 0.78 0.22
1484 1.00 0.78 0.28
1485 0.97 0.79 0.28
1486 0.97 0.80 0.35
1487 0.97 0.80 0.27
1488 0.97 0.80 0.32
1489 0.97 0.81 0.14
1490 1.00 0.81 0.20
1491 1.00 0.80 0.19
1492 1.00 0.82 0.22
1493 1.00 0.82 0.19
1494 0.97 0.83 0.19
1495 0.97 0.82 0.21
1496 0.94 0.81 0.27
1497 0.94 0.81 0.22
1498 0.97 0.82 0.22
1499 0.97 0.81 0.14
1500 0.94 0.82 0.08
1501 0.91 0.82 0.21
1502 0.94 0.81 0.17
1503 0.94 0.81 0.16
1504 0.94 0.80 0.25
1505 0.94 0.80 0.19
1506 0.94 0.80 0.14
1507 0.94 0.81 0.24
1508 0.94 0.81 0.21
1509 0.97 0.82 0.20
1510 0.94 0.81 0.18
1511 0.94 0.81 0.26
1512 0.94 0.81 0.17
1513 0.94 0.81 0.17
1514 0.94 0.81 0.27
1515 0.94 0.82 0.23
1516 0.94 0.82 0.21
1517 0.94 0.82 0.17
1518 0.97 0.83 0.29
1519 0.97 0.82 0.14
1520 0.94 0.82 0.15
1521 0.94 0.83 0.19
1522 0.97 0.83 0.18
1523 0.94 0.83 0.28
1524 0.94 0.83 0.17
1525 0.94 0.84 0.24
1526 0.94 0.84 0.19
1527 0.94 0.84 0.21
1528 0.97 0.84 0.12
1529 0.97 0.84 0.23
1530 0.97 0.84 0.17
1531 0.94 0.84 0.20
1532 0.97 0.84 0.27
1533 0.97 0.85 0.25
1534 0.97 0.84 0.23
1535 0.97 0.83 0.24
1536 0.97 0.82 0.26
1537 0.97 0.82 0.08
1538 0.97 0.82 0.16
1539 0.97 0.82 0.15
1540 0.97 0.82 0.23
1541 0.97 0.82 0.15
1542 0.97 0.83 0.15
1543 0.97 0.83 0.21
1544 1.00 0.85 0.25
1545 1.00 0.84 0.19
1546 1.00 0.84 0.23
1547 0.97 0.85 0.11
1548 1.00 0.84 0.15
1549 1.00 0.84 0.20
1550 0.94 0.83 0.20
1551 0.94 0.83 0.28
1552 0.94 0.82 0.19
1553 0.97 0.82 0.13
1554 0.97 0.81 0.10
1555 0.97 0.79 0.27
1556 0.97 0.81 0.28
1557 0.97 0.82 0.24
1558 0.97 0.81 0.22
1559 0.97 0.83 0.23
1560 0.97 0.83 0.17
1561 0.97 0.84 0.26
1562 0.97 0.84 0.32
1563 0.97 0.84 0.16
1564 0.97 0.84 0.15
1565 0.97 0.84 0.19
1566 0.97 0.82 0.12
1567 1.00 0.81 0.14
1568 0.97 0.81 0.34
1569 0.97 0.81 0.14
1570 1.00 0.83 0.27
1571 0.97 0.83 0.19
1572 0.97 0.83 0.23
1573 0.97 0.82 0.13
1574 0.97 0.82 0.22
1575 1.00 0.82 0.23
1576 0.97 0.81 0.23
1577 0.97 0.81 0.11
1578 0.97 0.81 0.21
1579 0.97 0.82 0.16
1580 0.97 0.81 0.22
1581 0.97 0.81 0.18
1582 0.97 0.80 0.21
1583 0.97 0.80 0.14
1584 0.97 0.80 0.19
1585 0.97 0.80 0.19
1586 1.00 0.81 0.16
1587 1.00 0.81 0.19
1588 1.00 0.81 0.24
1589 1.00 0.81 0.19
1590 1.00 0.83 0.29
1591 1.00 0.83 0.30
1592 1.00 0.83 0.39
1593 1.00 0.82 0.29
1594 1.00 0.84 0.22
1595 0.97 0.84 0.18
1596 0.97 0.85 0.20
Converged at generation 1596
