rosenbrock 500 48 0.00125 0.25
0 0.76 0.04 0.00
1 1.00 0.25 0.61
2 1.00 0.41 0.70
3 1.00 0.48 0.64
4 1.00 0.52 0.65
5 1.00 0.60 0.66
6 1.00 0.62 0.72
7 1.00 0.65 0.70
8 1.00 0.67 0.69
9 1.00 0.70 0.69
10 1.00 0.75 0.73
11 1.00 0.74 0.72
12 1.00 0.74 0.68
13 1.00 0.78 0.68
14 1.00 0.80 0.68
15 1.00 0.77 0.70
16 1.00 0.83 0.72
17 1.00 0.84 0.67
18 1.00 0.85 0.67
19 1.00 0.85 0.68
20 1.00 0.85 0.70
21 1.00 0.86 0.64
22 1.00 0.86 0.64
23 1.00 0.89 0.67
24 1.00 0.90 0.67
25 1.00 0.89 0.64
26 1.00 0.89 0.65
27 1.00 0.91 0.66
28 1.00 0.91 0.65
29 1.00 0.89 0.66
30 1.00 0.91 0.67
31 1.00 0.91 0.62
32 1.00 0.94 0.67
Converged at generation 32
Average member: (1.0024, 1.0024)
